0	[15, 16, 17, 18, 19]
1	[29, 30, 31, 32, 33, 34]
2	[50, 51, 52, 53, 54, 166, 167, 168, 169, 170, 171]
3	[87, 88, 89, 90, 91, 92]
4	[188, 189, 190, 191, 192, 193, 194, 195, 196, 197, 198, 199]
5	[8, 9, 10, 11, 12]
6	[13, 14, 15, 16, 17, 18, 19, 20, 21, 171, 172, 173, 174, 175, 176, 178, 179, 180, 181, 182, 183, 184, 186, 187, 188, 189, 190, 191, 192, 193, 230, 231, 232, 233, 234, 235, 237, 238, 239, 240, 241, 242, 243, 245, 246, 247, 248, 249, 250, 251, 252, 307, 308, 309, 310, 311, 312, 314, 315, 316, 317, 318, 319, 320, 322, 323, 324, 325, 326, 327, 328, 471, 472, 473, 474, 479, 480, 481, 482, 549, 550, 551, 552, 554, 555, 556, 557]
7	[32, 33, 34, 35, 36, 37, 38, 39, 73, 74, 75, 76, 77]
8	[38, 39, 40, 41, 42, 43]
9	[288, 289, 290, 291, 292, 293, 294, 295]
10	[26, 27, 28, 29, 30, 852, 853, 854, 855, 856, 857, 858, 860, 861, 862, 863, 864, 865, 866, 867, 868, 869]
11	[0, 1, 2, 3, 4, 6, 7, 8, 9, 12, 13, 15, 16, 18, 19, 20, 21, 23, 24, 25, 26, 27, 30, 31, 32, 33, 35, 36, 37, 38, 39, 40, 41, 42, 44, 45, 46, 47, 49, 50, 51, 52, 53, 54, 55, 57, 58, 59, 61, 62, 63, 64, 66, 67, 68, 69, 70, 71, 72]
12	[7, 8, 9, 10, 11, 12, 13, 14, 15, 16]
13	[84, 85, 86, 87, 199, 200, 201, 202, 203]
14	[23, 24, 25, 26]
15	[]
16	[51, 52, 53, 54, 55, 56, 57, 58, 59]
17	[97, 98, 99, 100, 101]
18	[31, 32, 33, 34, 35, 36]
19	[139, 140, 141, 142, 143, 144, 145, 146, 147]
20	[62, 63, 64, 65, 66, 67]
21	[41, 42, 43, 44, 45, 50, 51, 52, 53]
22	[532, 533, 534, 535, 543, 544, 545, 546, 547, 598, 599, 600, 601, 609, 610, 611, 612, 613]
23	[40, 41, 42, 43, 44, 45]
24	[61, 62, 63, 64, 65, 66, 67, 68, 74, 75, 76, 77, 78]
25	[60, 61, 62, 63, 64, 65, 66, 67, 68, 69]
26	[74, 75, 76, 77, 78, 79, 80]
27	[43, 44, 45, 46, 47, 48, 49, 64, 65, 66, 67, 68, 69, 70, 71, 72, 73, 91, 92, 93, 94, 95, 96, 97, 98, 99, 416, 417, 418, 419, 420, 421, 422, 424, 425, 426, 427, 428, 429, 430, 431]
28	[99, 100, 101, 102, 103, 104, 124, 125, 126, 127, 128, 129, 163, 164, 165, 166, 169, 170, 171, 172]
29	[128, 129, 130, 131, 132, 133]
30	[9, 10, 11, 12, 13, 14, 36, 37, 38, 39, 40]
31	[8, 9, 10, 11, 12]
32	[25, 26, 27, 28, 29, 44, 45, 46, 47, 48, 49, 50, 51, 53, 54, 55, 56, 57, 58, 59]
33	[6, 7, 8, 9, 10, 11, 12, 13, 15, 16, 17, 18, 19, 20, 21, 460, 461, 462, 463, 464, 465, 466, 467, 468, 469, 494, 495, 496, 497, 498, 499, 500, 506, 507, 508, 509, 510]
34	[20, 21, 22, 23, 24, 25, 26, 27, 28, 34, 35, 36, 37, 38, 39, 40, 41, 44, 45, 46, 47, 48, 49, 50]
35	[18, 19, 20, 21, 22, 23]
36	[101, 102, 103, 104, 105, 106, 108, 109, 110, 111, 112, 114, 115, 116, 117, 118, 120, 121, 122]
37	[4, 6, 7, 8, 9, 10, 11]
38	[70, 71, 72, 73, 74]
39	[46, 47, 48, 49, 50, 51]
40	[670, 671, 672, 673, 674, 675, 685, 686, 687, 688, 689, 690, 698, 699, 700, 701, 702, 703]
41	[116, 117, 118, 119, 120, 121, 122, 123, 300, 301, 302, 303, 304, 422]
42	[43, 44, 45, 46, 47, 48, 49, 50, 51, 52, 70, 71, 72, 73, 74, 75, 76, 77]
43	[123, 124, 125, 126, 127, 128, 129]
44	[60, 61, 62, 63, 64, 65, 66, 67, 68, 69, 102, 103, 104, 105, 106, 164, 165, 166, 167, 168, 169, 170, 171, 172, 173]
45	[27]
46	[248, 249, 250, 251, 252, 253]
47	[30, 31, 32, 33, 34, 35]
48	[15, 16, 17, 18, 20, 21, 22]
49	[]
50	[12, 13, 14, 15, 16, 17, 18, 19, 162, 163, 164, 165, 166, 167, 168, 185, 186, 187, 188, 189, 190, 191, 192, 193]
51	[5, 6, 7, 8, 54, 55, 56, 57, 58, 59, 60, 61]
52	[141, 142, 143, 144, 145, 146, 147, 148, 149]
53	[28, 29, 30, 31, 32, 33, 35, 36, 37, 38, 41, 42, 43, 44, 45, 65, 66, 67, 68, 69, 70, 71, 74, 75, 76, 77, 78, 83, 84, 85, 86, 87]
54	[21, 22, 23, 24, 25, 26]
55	[7, 8, 9, 10, 11, 13, 14, 15, 16, 18, 19, 20]
56	[83, 84, 85, 86, 87, 88, 89, 90, 92, 93, 94, 95, 96, 97]
57	[109, 110, 111, 112, 113, 281, 282, 283, 284]
58	[30, 31, 32, 33]
59	[51, 52, 53, 54, 55, 56, 57, 58, 59, 60, 67, 68, 69, 70, 71]
60	[214, 215, 216, 217, 218, 219, 220, 221, 222, 223, 229, 230, 231, 232, 233, 234, 236, 237, 238, 239, 240]
61	[118, 119, 120, 121, 122, 123, 618, 619, 620, 621]
62	[136, 137, 138, 139, 140]
63	[59, 60, 61, 62, 63]
64	[7, 8, 9, 10, 11, 13, 14, 15, 16, 17, 18, 19, 20, 21, 22, 24, 25, 26, 28, 29, 30, 31]
65	[573]
66	[74, 75, 76, 77, 78, 79, 80, 82, 83, 84]
67	[16, 17, 18, 19, 20, 21]
68	[14, 15, 16, 17, 18]
69	[66, 67, 68, 69, 70, 71, 72, 73, 74, 284, 285, 286, 287, 288]
70	[10, 11, 12, 13]
71	[18, 19, 20, 21]
72	[22, 23, 24, 25, 26, 27]
73	[72, 73, 74, 75, 76, 77]
74	[16, 17, 18, 19, 282, 283, 284, 285, 286]
75	[58, 59, 60, 61, 62, 63, 64, 65]
76	[57, 58, 59, 60]
77	[58, 59, 60, 61]
78	[59, 60, 61, 62, 63, 64, 76, 77, 78, 79, 80, 81]
79	[0, 1, 2, 3, 4, 5, 13, 14, 15, 16, 17, 18]
80	[129, 130, 131, 132, 133]
81	[0, 1, 2, 3, 13, 14, 15, 16, 17, 18, 19, 20]
82	[0, 1, 2, 3, 4, 5, 72, 73, 74, 75, 76, 77, 459, 460, 461, 462, 463]
83	[0, 1, 2, 3, 4, 5, 6, 21, 22, 23, 24, 25, 26, 27, 28]
84	[5, 6, 7, 8, 9, 10, 11, 12, 13, 14, 221, 222, 223, 224, 225, 226, 227]
85	[4, 5, 6, 7]
86	[176, 177, 178, 179, 180]
87	[31, 32, 33, 34, 35, 36, 37, 38, 39, 40, 41, 42, 44, 45, 46, 47, 48, 49, 50, 51, 52, 53, 66, 67, 68, 69, 71, 72, 73, 76, 77, 78, 81, 82, 83, 86, 87, 88, 89, 90, 93, 94, 95, 96, 97, 100, 101, 102, 103, 104, 106, 107, 108, 121, 122, 123, 124, 125, 181, 182, 183, 184]
88	[862, 863, 864, 865, 866, 867, 868, 869, 870, 871]
89	[117, 118, 119, 120, 121, 122, 123, 125, 126, 127, 128, 129]
90	[38, 39, 40, 41, 42, 43, 68, 69, 70, 71, 72, 73, 74]
91	[141, 142, 143, 144, 145, 543, 544, 545, 546, 547, 548, 549, 550]
92	[84, 85, 86, 87, 88, 89]
93	[40, 41, 42, 43, 44, 45, 46, 47, 48, 49, 50, 336, 337, 338, 339, 340, 341, 342, 357, 358, 359, 360, 361, 362, 363, 364, 366, 367, 368, 369, 370, 371, 372, 373, 374]
94	[18, 19, 20, 21, 22, 23, 25, 26, 27, 28]
95	[]
96	[]
97	[152, 153, 154, 155, 156, 157, 158, 193, 194, 195, 196, 197, 198, 199, 201, 202, 203, 204, 205, 210, 211, 212, 213, 214, 215, 216, 217, 218, 236, 237, 238, 239, 240, 242, 243, 244, 245, 246, 247, 248, 249]
98	[13, 14, 15, 16, 17]
99	[148, 149, 150, 151, 152, 153, 154, 155, 156]
100	[6, 7, 8, 9, 10]
101	[33, 34, 35, 36, 44, 45, 46, 47, 48, 49, 50, 52, 53, 54, 55, 56]
102	[68, 69, 70, 71, 74, 75, 76, 77, 78, 79, 80, 83, 84, 85, 86, 87, 89, 90, 91, 92, 93, 94, 95, 96, 97, 98, 99, 101, 102, 103, 104, 105, 106, 107]
103	[141, 142, 143, 144, 145, 146, 147, 162, 163, 164, 165, 166, 167, 172, 173, 174, 175, 176, 177, 182, 183, 184, 185, 186, 187, 188, 189, 190, 191, 196, 197, 198, 199, 200, 202, 203, 204, 205, 206, 207, 212, 213, 214, 215, 216]
104	[67, 68, 69, 70, 71]
105	[92, 93, 94, 95, 96, 97, 98, 99, 100, 102, 103, 104, 105]
106	[0, 1, 2, 3, 4, 5, 6, 7, 10, 11, 12, 13, 14, 15, 16, 19, 20, 21, 22, 23, 24, 127, 128, 129, 130, 131, 132]
107	[268, 269, 270, 271, 272]
108	[314, 315, 316, 317, 318, 319]
109	[77, 78, 79, 80, 81]
110	[49, 50, 51, 52, 53, 54, 55, 56, 57, 263, 264, 265, 266, 267]
111	[23, 24, 25, 26, 27, 28, 29, 30]
112	[7, 8, 9, 10, 11, 12, 13, 14]
113	[]
114	[13, 14, 15, 16, 17, 18]
115	[14, 15, 16, 17, 18, 19]
116	[10, 11, 12, 13, 14, 113, 114, 115, 116, 117, 118, 120, 121, 122, 123, 124, 125, 126, 128, 129, 130, 131, 132, 133, 134, 405, 406, 407, 408, 409, 410, 411, 412, 413, 414, 420, 421, 422, 423, 424, 425, 426]
117	[21, 22, 23, 24, 25, 35, 36, 37, 38, 39, 40]
118	[3, 4, 5, 6, 7, 8, 9, 10]
119	[128, 129, 130, 131, 132]
120	[0, 1, 2, 3, 4, 5]
121	[58, 59, 60, 61, 62, 63, 77, 78, 79, 80, 90, 91, 92, 93, 94]
122	[262, 263, 264, 265, 266, 267, 268, 269, 270, 271, 272, 273]
123	[215, 216, 217, 218, 219, 220, 221, 222]
124	[5, 6, 7, 8, 9, 10, 11, 12, 13, 14]
125	[22, 23, 24, 25, 26, 100, 101, 102, 103]
126	[191, 192, 193, 194, 195, 196]
127	[10, 11, 12, 13, 14, 15, 16, 18, 19, 20, 21]
128	[7, 8, 9, 10, 11, 51, 52, 53, 54, 55, 56]
129	[41, 42, 43, 44, 45, 46, 47, 48]
130	[30, 31, 32, 33, 34, 35, 36, 37, 38]
131	[121, 122, 123, 124, 125, 126]
132	[10, 11, 12, 13, 14]
133	[19, 20, 21, 22, 23, 24, 25, 26, 27]
134	[259, 260, 261, 262, 263]
135	[37, 38, 39, 40, 41, 42]
136	[100, 101, 102, 103, 104, 105, 106, 107, 110, 111, 112, 113, 114, 115, 116, 117, 118, 119, 120, 121, 122, 124, 125, 126, 127, 128, 129]
137	[18, 19, 20, 21, 22, 23, 24, 25, 135, 137, 138, 139, 140, 141, 142, 143, 189, 190, 191]
138	[21, 22, 23, 24, 25, 26, 319, 320, 321, 322, 323, 324]
139	[]
140	[15, 16, 17, 18, 23, 24, 25, 26, 27, 28]
141	[432, 433, 434, 435, 436, 437, 438, 440, 441, 442, 443, 444, 445, 446]
142	[23, 24, 25, 26, 71, 72, 73, 74, 75, 77, 78, 79, 80, 81, 82, 83, 123, 137, 138, 139]
143	[34, 35, 36, 37, 38, 39, 210, 211, 212, 213, 214]
144	[12, 13, 14, 15, 16]
145	[48, 49, 50, 51, 52, 54, 55, 56, 57]
146	[64, 65, 66, 67, 68, 69, 70, 71, 72]
147	[14, 15, 16, 17, 18, 19]
148	[0, 1, 2, 3]
149	[64, 65, 66, 67, 68]
150	[145, 146, 147, 148, 149, 150, 151]
151	[14, 15, 16, 17]
152	[40, 41, 42, 43]
153	[23, 24, 25, 26, 27, 28]
154	[23, 24, 25, 26, 144, 145, 146, 147, 148, 150, 151, 152, 153, 154]
155	[71, 72, 73, 74, 75]
156	[89, 90, 91, 92, 93]
157	[46, 47, 48, 49, 51, 52, 53, 54, 55, 57, 58, 59, 60, 61, 62, 63, 64, 65, 66, 68, 69, 70]
158	[843, 844, 845, 846, 847, 848]
159	[61, 62, 63, 64, 65, 66, 72, 73, 74, 75, 76, 77]
160	[]
161	[67, 68, 69, 70, 71]
162	[11, 12, 13, 14]
163	[3, 4, 5, 6, 203, 204, 205, 206, 207]
164	[85, 86, 87, 88, 89]
165	[87, 88, 89, 90, 91, 92, 93, 407, 408, 409, 411, 412, 413, 414, 420, 421, 422, 423, 424, 425]
166	[9, 10, 11, 12, 154, 155, 156, 157, 216, 217, 218, 219]
167	[16, 17, 18, 19, 20]
168	[493, 494, 495, 496]
169	[116, 117, 118, 119, 120, 121, 122, 123]
170	[7, 8, 9, 10, 33, 34, 35, 36, 37]
171	[7, 8, 9, 10, 11, 12, 13, 14, 15, 16, 98, 99, 100, 101, 102, 103]
172	[46, 47, 48, 49, 50, 51, 52, 81, 82, 83, 84, 85, 86, 87, 130, 131, 132, 133, 134, 135, 136, 377, 378, 379, 380, 381, 382, 383]
173	[50, 51, 52, 53, 54, 55, 56, 57]
174	[0, 1, 2, 3, 4, 5, 6, 7, 8]
175	[189, 190, 191, 192, 194, 195, 196, 197, 198, 199, 200, 201]
176	[35, 36, 37, 38]
177	[100, 101, 102, 103, 104, 105, 226, 227, 228, 229, 230, 231]
178	[0, 1, 2, 3, 4, 5]
179	[36, 37, 38, 39, 40, 41]
180	[21, 22, 23]
181	[18, 19, 20, 21, 22, 23]
182	[14, 15, 16, 17, 18]
183	[32, 33, 34, 35, 36, 37, 42, 43, 44, 45]
184	[58, 59, 60, 61, 62, 63, 64, 66, 67, 68, 69, 70]
185	[666, 667, 668, 669]
186	[25, 26, 27, 28, 273, 274, 275, 276, 277]
187	[89, 90, 91, 92, 93]
188	[19, 20, 21, 22, 23, 24, 25, 26]
189	[11, 12, 13, 14]
190	[]
191	[284, 285, 286, 287, 288, 289, 290, 291, 292, 293]
192	[188, 189, 190, 191, 192, 193]
193	[41, 42, 43, 44, 45]
194	[114, 115, 116, 117]
195	[12, 13, 14, 15, 16, 17, 252, 253, 254, 255, 256, 257, 258, 296, 297, 298, 299, 300, 301, 302, 514, 515, 516, 517, 518, 519, 520, 521, 522]
196	[175, 176, 177, 178, 179]
197	[0, 1, 2, 3, 4, 6, 7, 8, 9, 10, 61, 62, 63, 64, 67, 68, 69, 70, 71, 148, 149, 150, 151, 152, 153, 154]
198	[0, 1, 2, 3, 13, 14, 15, 16, 17, 21, 22, 23, 24]
199	[143, 144, 145, 146, 147, 148, 150, 151, 152, 153, 154, 155]
200	[9, 10, 11, 12, 199, 200, 201, 202, 203, 218, 219, 220, 221, 222, 223, 224, 225]
201	[0, 1, 2, 3, 4, 5, 7, 8, 9, 10, 11, 12, 13]
202	[98, 99, 100, 101, 102, 103, 372, 373, 374, 375, 376, 377, 378, 379]
203	[85, 86, 87, 88, 89]
204	[]
205	[59, 60, 61, 62, 63, 64, 65, 66]
206	[10, 11, 12, 13, 284, 285, 286, 287]
207	[181, 182, 183, 184, 185, 186, 187, 342, 343, 344, 345, 346, 347, 348]
208	[41, 42, 43, 44, 45, 46]
209	[17, 18, 19, 20]
210	[65, 66, 67, 68, 69, 94, 95, 96, 97, 98]
211	[9, 10, 11, 12]
212	[18, 19, 20, 21, 29, 30, 31, 32, 33, 34, 35, 36, 37, 489, 490, 491, 492, 493, 494, 495, 496, 497, 498]
213	[24, 25, 26, 27, 28, 543, 544, 545, 546, 547, 548]
214	[101, 102, 103, 104]
215	[148, 149, 150, 151, 152, 153, 154, 155, 156, 157]
216	[12, 13, 14, 15, 16, 17, 18, 19, 26, 27, 28, 29, 30, 31, 191, 192, 193, 194, 195]
217	[149, 150, 151, 152, 153, 154, 155, 156, 157]
218	[295, 296, 297, 298, 299, 300, 301, 302, 303, 305, 306, 307, 308, 309]
219	[54, 55, 56, 57, 58, 59, 60]
220	[162, 163, 164, 165, 733, 734, 735, 736, 737, 738, 739, 740]
221	[0, 1, 2, 3, 4, 6, 7, 8, 9, 10, 11, 12]
222	[19, 20, 21, 22]
223	[32, 33, 34, 35, 36, 37, 39, 40, 41, 42, 43, 44]
224	[0, 1, 2, 3, 4]
225	[]
226	[0, 1, 2, 3, 4, 5, 6, 7, 8, 9]
227	[0, 1, 2, 3, 4, 5, 13, 14, 15, 16]
228	[351, 352, 353]
229	[33, 34, 35, 36, 37]
230	[266, 267, 268, 269, 270, 271, 272, 273, 274]
231	[288, 289, 290, 291, 293, 294, 295, 296, 297, 298, 299, 629, 630, 631, 632, 633, 634, 635, 878, 879, 880, 881, 882, 891, 892, 893, 894, 895, 964, 965, 966, 967, 968, 969, 970, 972, 973, 974, 975, 976, 977, 978]
232	[41, 42, 43, 44, 45]
233	[180, 181, 182, 183, 184, 185, 186, 187, 197, 198, 199, 200, 201, 202, 203, 204]
234	[90, 91, 92, 93, 95, 96, 97, 98, 99, 100]
235	[86, 87, 88, 89, 90, 91, 92, 135, 136, 137, 138, 153, 154, 155, 156, 157]
236	[4, 5, 6, 7, 8]
237	[216, 217, 218, 219, 220]
238	[5, 6, 7, 8, 9, 10, 11, 13, 14, 15, 16, 17]
239	[0, 1, 2, 3, 4]
240	[61, 62, 63, 64, 101, 102, 103, 104, 105]
241	[78, 79, 80, 81, 82, 83]
242	[26, 27, 28, 29, 30]
243	[128, 129, 130, 131, 132, 133, 134, 135]
244	[]
245	[11, 12, 13, 14, 15, 16, 17, 18]
246	[85, 86, 87, 88, 89, 90, 91, 92, 93]
247	[11, 12, 13, 14, 15, 16, 17, 18, 19, 32, 33, 34, 35, 36, 37, 38, 39, 56, 57, 58, 59]
248	[62, 63, 64, 65, 66]
249	[16, 17, 18, 19, 20, 21, 22, 24, 25, 26, 27, 28]
250	[16, 17, 18, 19, 20, 21, 22, 23, 24, 25]
251	[41, 42, 43, 44, 45, 46, 121, 122, 123, 124]
252	[26, 27, 28, 29, 30, 31, 32, 33, 34, 35]
253	[61, 62, 63, 64, 66, 67, 69, 70, 71, 72, 73, 74, 80, 81, 82, 83, 88, 89, 90, 91, 92, 93, 122, 123, 124]
254	[24, 25, 26, 27, 28, 29, 30, 31, 32]
255	[13, 14, 15, 22, 23, 24, 25]
256	[60, 61, 62, 63, 64, 65]
257	[8, 9, 10, 11, 12, 29, 30, 31]
258	[81, 82, 83, 84, 85, 86, 87, 88, 89]
259	[40, 41, 42, 43, 44, 45, 48, 49, 50, 51, 52, 53, 54, 55, 56]
260	[24, 25, 26, 27, 28, 29, 30, 31, 74, 75, 76, 77, 78, 80, 81, 82, 83, 84, 85, 105, 106, 107, 108, 109, 142, 143, 144, 145, 146, 147, 156, 157, 158, 159, 160, 235, 236, 237, 238, 239, 240, 241, 242, 243, 244, 250]
261	[26, 27, 28, 29, 30, 31, 32, 49, 50, 51, 52, 53, 54, 57, 58, 59, 60, 61, 62, 63, 64, 65]
262	[149, 150, 151, 152, 153, 154, 155, 156, 157, 158, 159, 160, 168, 169, 170, 171, 172, 173, 174, 175, 176, 177]
263	[531, 532, 533, 534, 535, 536, 537, 538]
264	[21, 22, 23, 24, 25, 117, 118, 119, 120, 121, 122, 123, 124, 125, 126, 132, 133, 134, 135, 136, 137, 138, 139]
265	[17, 18, 19, 20, 21, 22, 23, 24]
266	[67, 68, 69, 70]
267	[108, 109, 110, 111, 113, 114, 115, 116]
268	[4, 5, 6, 7]
269	[62, 63, 64, 65, 66, 67]
270	[286, 287, 288, 289, 290, 291]
271	[36, 37, 38, 39, 40, 41, 42]
272	[147, 148, 149, 150]
273	[4, 5, 6, 7, 8, 9, 10, 76, 77, 78, 79, 80, 81, 82, 83, 84, 363, 364, 365, 366, 367, 368, 369, 370, 371, 426, 427, 428, 429, 430, 431, 432, 433, 434, 435, 437, 438, 439, 440, 441]
274	[0, 1, 2, 3, 5, 6, 7, 8, 9, 10, 11, 12, 24, 25, 26, 27]
275	[21, 22, 23, 24]
276	[0, 1, 2, 3, 4]
277	[39, 40, 41, 42, 126, 127, 128, 129, 130, 131, 132, 133, 134, 138, 139, 140, 141, 142, 143]
278	[0, 1, 2, 3, 4, 5, 150, 151, 152, 153, 154, 155, 249, 250, 251, 252, 253, 254]
279	[375, 376, 377, 378, 379, 380, 423, 424, 425, 426, 427, 428]
280	[13, 14, 15, 16, 17]
281	[19, 20, 21, 22, 23, 53, 54, 55, 56, 58, 59, 60, 61, 68, 69, 70, 71, 73, 74, 75, 77, 78, 79, 80, 81, 82]
282	[12, 13, 14, 15, 16, 17, 18, 19, 20]
283	[481, 482, 483, 484, 485, 486]
284	[85, 86, 87, 88, 89]
285	[87, 88, 89, 90, 91, 92, 93, 94, 95, 96]
286	[27, 28, 29, 30, 31, 32]
287	[14, 15, 16, 17, 18]
288	[0, 1, 2, 3, 9, 10, 11, 12, 13, 14, 15, 16, 17, 18, 19]
289	[16, 17, 18, 19]
290	[43, 44, 45, 46]
291	[8, 9, 10, 11, 12, 13, 14, 15, 17, 18, 19, 20, 21, 22, 23, 24]
292	[76, 77, 78, 79, 80, 81, 82, 83, 89, 90, 91, 92, 93, 94, 95]
293	[105, 106, 107, 108, 109, 110]
294	[323, 324, 325, 326, 327, 328, 329, 330]
295	[0, 1, 2, 3, 4, 5, 6, 15, 16, 17, 18, 19, 20]
296	[36, 37, 38, 39, 40, 41, 42, 63, 64, 65, 66, 67, 72, 73, 74, 75, 77, 78, 79, 80, 81, 82, 85, 86, 87, 88, 89, 91, 92, 93, 98, 99, 100, 101, 102, 106]
297	[26, 27, 28, 29, 30, 31, 32, 33, 35, 36, 37, 38, 39, 68, 69, 70, 71, 72, 73, 74, 75, 77, 78, 79, 80, 81]
298	[42, 43, 44, 45]
299	[80, 81, 82, 83, 84, 85]
300	[0, 1, 2, 3, 5, 6, 7, 8]
301	[90, 91, 92, 93, 94, 95, 96, 121, 122, 123, 124]
302	[25, 26, 27, 28, 29, 30, 31, 266, 267, 268, 269, 270, 271, 272, 273]
303	[93, 94, 95, 96]
304	[66, 67, 68, 69]
305	[232, 233, 234, 235, 236, 237, 238, 239, 245, 246, 247, 248, 249, 250, 251, 252]
306	[10, 11, 12, 13, 14, 15]
307	[72, 73, 74, 75, 133, 134, 135, 136, 137, 138, 139, 140]
308	[232, 233, 234, 235, 236]
309	[118, 119, 120, 121, 122, 123]
310	[1, 2, 3, 4, 5, 6, 7, 8, 9, 10, 91, 92, 93, 94, 95, 96, 97, 98]
311	[86, 87, 88, 89, 90, 91, 92, 164, 165, 166, 167, 168, 169, 170, 171, 172, 173, 200, 201, 202, 203, 204, 205, 206]
312	[232, 233, 234, 235, 236, 237]
313	[264, 265, 266, 267, 268, 269, 270, 271, 272, 273, 274, 276, 277, 278, 279, 284, 285, 286, 287, 288, 289]
314	[271, 272, 273, 274, 275, 276, 277, 278, 279]
315	[205, 206, 207, 208, 209, 210, 474, 475, 476, 477, 478, 479, 480]
316	[23, 24, 25, 26, 27, 28, 29]
317	[13, 14, 15, 16, 18, 19, 20, 21, 34, 35, 36, 38, 39, 40, 41]
318	[0, 1, 2, 3]
319	[78, 79, 80, 81, 82, 83]
320	[2, 3, 4, 5, 6, 7, 8, 9, 11, 12, 13, 14, 443, 444, 445, 446, 447, 448]
321	[99, 100, 101, 102, 103, 104, 105, 204, 205, 206, 207, 208, 209, 210, 211, 212]
322	[0, 1, 2, 3, 4, 5]
323	[21, 22, 23, 24]
324	[992, 993, 994, 995, 996]
325	[12, 13, 14, 15, 16, 17, 18, 19, 21, 22, 23, 24, 25, 26, 27]
326	[132, 133, 134, 135, 136, 137, 384, 385, 386, 387, 388, 389, 390]
327	[453, 454, 455, 456, 457, 458]
328	[33, 34, 35, 36]
329	[96, 97, 98, 99, 100, 101, 102, 103, 104, 105, 106, 109, 110, 111, 112, 113, 114, 122, 123, 124, 125, 126, 127]
330	[133, 134, 135, 136, 137, 138, 139]
331	[3, 4, 5, 6, 17, 18, 19, 20, 21]
332	[45, 46, 47, 48, 49, 159, 160, 161, 162, 163, 164, 165, 166]
333	[400, 401, 402, 403, 404, 406, 407, 408, 409, 410, 411, 412, 413, 414, 454, 455, 456, 457, 458, 459, 460, 461, 462]
334	[217, 218, 219, 220, 221, 222]
335	[87, 88, 89, 90]
336	[473, 474, 475, 967, 968, 969, 970, 972, 973, 974, 975, 976, 977, 978, 979, 980]
337	[17, 18, 19, 20, 21, 22, 23, 24, 25, 31, 32, 33, 34, 100, 101, 102, 103, 104, 117, 118, 119, 120, 121, 122, 123, 124, 125, 126, 127, 128, 129]
338	[25, 26, 27, 28, 29, 30, 31]
339	[17, 18, 19, 20, 21, 22]
340	[41, 42, 43, 44, 45, 46, 47, 88, 89, 90, 91, 92, 93, 94, 95]
341	[71, 72, 73, 74, 75, 76, 77, 78, 84, 85, 86, 87, 88, 89, 90, 91]
342	[35, 36, 37, 38, 39, 40]
343	[88, 89, 90, 91, 92, 93]
344	[0, 1, 2, 3, 4, 5, 111, 112, 113, 114, 115, 116, 117]
345	[27, 28, 29, 30, 31]
346	[23, 24, 25, 26, 27, 28, 29]
347	[0, 1, 2, 3, 4, 5, 13, 14, 15, 16, 17]
348	[]
349	[55, 56, 57, 58, 59, 60]
350	[28, 29, 30, 31, 43, 44, 45, 46, 59, 60, 61]
351	[21, 22, 23, 24, 25, 26, 27, 28, 29, 48, 49, 50, 51, 106, 107, 108]
352	[70, 71, 72, 73, 74, 75]
353	[110]
354	[225, 226, 227, 228]
355	[42, 43, 44, 45, 308, 309, 310, 311, 312, 414, 415, 416, 417]
356	[7, 8, 9, 10, 11, 12, 13, 14, 22, 23, 24, 25, 26, 47, 48, 49, 50, 51, 52, 53]
357	[69, 70, 71, 72, 73, 74, 75, 76, 77, 129, 130, 131, 132, 133, 134]
358	[170, 171, 172, 173, 174, 343, 344, 345, 346, 349, 350, 351, 353, 354, 355, 356, 357]
359	[0, 1, 2, 3, 4, 6, 7, 8, 9, 10]
360	[36, 37, 38, 39, 40, 41, 42, 43, 44, 142, 143, 144, 145, 146, 147]
361	[56, 57, 58, 59, 60, 61]
362	[94, 95, 96, 97, 98, 99, 100, 101, 102, 103, 104, 105]
363	[14, 15, 16, 17, 18, 19]
364	[54, 55, 56, 57, 58]
365	[53, 54, 55, 56, 57, 59, 60, 61, 62]
366	[28, 29, 30, 31, 32, 33, 34, 35, 36]
367	[60, 61, 62, 63, 64, 65]
368	[127, 128, 129, 130, 131, 385, 386, 387, 391, 392, 393, 394, 395]
369	[46, 47, 48, 49, 50, 51, 52, 53, 54, 55]
370	[22, 23, 24, 25, 26, 27, 29, 30, 31, 32, 33]
371	[65, 66, 67, 68, 74, 75, 76, 77, 78, 79, 81, 82, 83, 84, 85]
372	[8, 9, 10, 11]
373	[30, 31, 32, 33, 34, 35, 36, 37, 38, 39]
374	[37, 38, 39, 40, 41]
375	[12, 13, 14, 15]
376	[27, 28, 29, 30, 31]
377	[154, 155, 156, 157, 158, 159]
378	[34, 35, 36, 37, 38, 134, 135, 136, 137, 138, 139]
379	[177, 178, 179, 180, 181, 212, 213]
380	[0, 1, 2, 3]
381	[98, 99, 100, 101, 102, 103, 104]
382	[78, 79, 80, 81, 82, 84, 85, 86, 99, 100, 101, 102, 103, 104, 105, 106]
383	[143, 144, 145, 146, 147, 148]
384	[57, 58, 59, 60, 61, 62, 65, 66, 67, 68, 69, 70, 73, 74, 75, 76, 77, 78, 114, 115, 116, 117, 118, 119, 120, 122, 123, 124, 125, 126, 127]
385	[42, 43, 44, 45, 46]
386	[16, 17, 18, 19, 900, 901, 902, 903, 904, 905]
387	[65, 66, 67, 68, 69, 72, 73, 74, 75, 76, 77, 78]
388	[0, 1, 2, 3, 9, 10, 11, 12, 13]
389	[46, 47, 48, 49]
390	[31, 32, 33, 34, 35, 36, 199, 200, 201, 202, 203, 204]
391	[9, 10, 11, 12, 13, 14, 15, 16, 17, 18]
392	[345, 346, 347, 348, 349, 350, 351, 352]
393	[69, 70, 71, 72, 73, 85, 86, 87, 88, 89, 90, 91, 93, 94, 95, 96, 97, 98]
394	[215, 216, 217, 218, 219]
395	[40, 41, 42, 43, 44, 45, 46, 47, 48]
396	[]
397	[26, 27, 28, 29, 30]
398	[49, 50, 51, 52]
399	[183, 184, 185, 186, 187, 188, 189, 190, 444, 445, 446, 447, 448]
400	[8, 9, 10, 11, 12, 13, 14, 15]
401	[87, 88, 89, 90, 91, 92, 93, 138, 139, 140, 141, 142, 143]
402	[26, 27, 28, 29, 30, 31, 49, 50, 51, 52, 53, 54, 55, 56]
403	[16, 17, 18, 19, 20]
404	[10, 11, 12, 13, 14, 15, 16, 17]
405	[]
406	[36, 37, 38, 39, 104, 105, 106, 107]
407	[0, 1, 2, 3]
408	[19, 20, 21, 22, 136, 137, 138, 139, 140, 141, 142, 144, 145, 146, 147, 148, 149, 150, 151, 152, 153, 231, 232, 233, 234, 235, 236, 242, 243, 244, 245, 248, 249, 250, 251, 252, 253]
409	[4, 5, 6, 7, 8]
410	[11, 12, 13, 14, 15]
411	[795, 796, 797, 798, 799, 800]
412	[137, 138, 139, 140]
413	[19, 20, 21]
414	[128, 129, 130, 131, 132]
415	[55, 56, 57, 58]
416	[]
417	[12, 13, 14, 15, 16, 21, 22, 23, 24, 26, 27, 28]
418	[20, 21, 22, 23, 24]
419	[24, 25, 26, 27, 28, 29, 30, 31, 32, 35, 36, 37, 38, 51, 52, 53, 54, 55, 57, 58, 59, 60, 61, 62, 63, 64]
420	[248, 249]
421	[25, 26, 27, 28, 29, 30]
422	[0, 1, 2, 3, 4, 5, 6, 7, 9, 10, 11, 12, 13, 14, 15, 16, 17, 18, 20, 21, 22, 23]
423	[0, 1, 2, 3, 4, 5]
424	[35, 36, 37, 38, 39, 40, 130, 131, 132, 133, 134, 136, 137, 138, 139, 140]
425	[41, 42, 43, 44, 45, 46]
426	[9, 10, 11, 12, 13, 14]
427	[781, 782, 783, 784, 785, 786, 787]
428	[148, 149, 150, 151, 152, 153]
429	[52, 53, 54, 55, 56, 62, 63, 64, 65, 66, 67]
430	[142, 143, 144, 145, 146]
431	[119, 120, 121, 122, 123, 124, 125, 126, 132, 133, 134, 135, 136, 137]
432	[23, 24, 25, 26, 27, 28, 29, 30, 31]
433	[56, 57, 58, 59]
434	[68, 69, 70, 71, 72, 73, 86, 87, 88, 89, 90, 91, 92, 93, 94, 95, 96, 98, 99, 100, 101, 102, 103, 104, 106, 107, 108, 110, 111, 112, 113, 114, 116, 117, 118, 119, 120, 121, 122]
435	[83, 84, 85, 86, 87, 88, 89]
436	[37, 38, 39, 40, 41, 42, 43]
437	[28, 29, 30, 31, 32, 33, 34, 35, 36]
438	[]
439	[17, 18, 19, 20, 21, 22, 23, 24, 25]
440	[71, 72, 73, 74, 75]
441	[51, 52, 53, 54, 55, 56]
442	[145, 146, 147, 148, 149, 150, 151, 152, 153]
443	[11, 12, 13, 14, 15, 16, 17, 93, 94, 95, 96, 97, 98, 99, 100, 101, 102]
444	[22, 23, 24, 25, 26, 27, 28, 31, 32, 33, 34]
445	[183, 184, 185, 186, 187, 188, 189, 190]
446	[55, 56, 57, 58, 59, 60]
447	[14, 15, 16, 17, 19, 20, 21, 22, 23]
448	[0, 1, 2, 3, 4, 5, 6, 7, 8, 9, 10, 12, 13, 14, 15, 16, 17, 18]
449	[29, 30, 31, 32, 33, 34, 35, 922, 923, 925, 926]
450	[173, 174, 175, 176]
451	[29, 30, 31, 32, 33, 34, 111, 112, 113, 114, 252, 253, 254, 255, 256]
452	[16, 17, 18, 19, 20, 21, 22, 23, 24, 26, 27, 28, 29, 156, 157, 158, 159]
453	[59, 60, 61]
454	[]
455	[59, 60, 61, 62, 63]
456	[0, 1, 2, 10, 11, 12, 13, 14]
457	[120, 121, 122, 123, 124, 125, 149, 150, 151, 152, 153, 154]
458	[71, 72, 73, 74]
459	[196, 197, 198, 199, 200, 201, 202]
460	[47, 48, 49, 50, 51, 52, 54, 55, 56, 57]
461	[58, 59, 60, 61, 62]
462	[405, 406, 407, 408]
463	[13, 14, 15, 17, 18, 19, 20, 21, 22, 23, 24, 32, 33, 34, 35]
464	[8, 9, 10, 11, 12, 13, 14, 15, 16, 18, 19, 20, 21, 22, 23, 24, 25, 26, 27, 29, 30, 31, 33, 34, 35, 36, 37, 38, 39, 40, 42, 43, 44, 45, 46, 47, 48, 49, 51, 52, 53, 54, 55, 56, 57, 58, 59, 61, 62, 63, 64, 65, 72, 73, 74, 75, 76, 77, 78]
465	[133, 134, 135, 136]
466	[0, 2, 3, 4, 5, 6, 8, 9, 10, 11, 12, 13, 14, 16, 17, 18, 19, 20, 21, 22, 23, 24, 25]
467	[100, 101, 102, 103, 104, 105, 107, 108, 109, 110, 111, 113, 114, 115, 116]
468	[54, 55, 56, 57, 58, 59, 60, 76, 77, 78, 79, 80, 81, 82, 83, 85, 86, 87, 88, 89, 90, 91]
469	[27, 28, 29, 30, 31]
470	[19, 20, 21, 22, 25, 26, 27, 28, 29, 30, 31, 32, 87, 88, 89, 90, 91, 92, 93, 94, 95]
471	[47, 48, 49, 50, 51]
472	[8, 9, 10, 11, 12, 13, 14]
473	[0, 1, 2, 3]
474	[3, 4, 5, 6, 7]
475	[98, 99, 100, 101, 102, 103, 104]
476	[149, 150, 151, 152, 153, 156, 157, 158, 159, 160]
477	[67, 68, 69, 70, 71, 72, 73, 74]
478	[0, 1, 2, 8, 9, 10, 11, 12, 25, 26, 27, 28]
479	[0, 1, 2, 3]
480	[377, 378, 379, 380, 381, 382, 383, 384, 385, 386]
481	[21, 22, 23, 24, 25, 26]
482	[0, 1, 2, 3, 9, 10, 11, 12, 13, 14]
483	[37, 38, 39, 40, 41, 42, 43, 44]
484	[61, 62, 63, 64, 65, 66, 67, 631, 632, 633, 634, 635, 636]
485	[739, 740, 741, 742, 743, 744, 752, 753, 754, 755, 756, 757]
486	[8, 9, 10, 11, 12, 13, 14]
487	[35, 36, 37, 38, 39, 40, 63, 64, 65, 66, 67, 68]
488	[46, 47, 48, 49, 50, 52, 53, 54, 55]
489	[67, 68, 69, 70, 71, 84, 85, 86, 87, 88]
490	[49, 50, 51, 52, 53]
491	[624, 625, 626, 627, 628, 629, 630, 631, 632, 633, 634, 635, 637, 638, 639, 640, 641, 642, 643, 644]
492	[23, 24, 25, 26, 27]
493	[10, 11, 12, 13, 14]
494	[8, 9, 10, 11, 12, 13]
495	[81, 82, 83, 84, 85]
496	[85, 86, 87, 88, 89, 90, 218, 219, 220, 221, 222, 223]
497	[]
498	[20, 21, 22, 23, 24, 25]
499	[7, 8, 9, 10, 11]
500	[49, 50, 51, 52, 53, 54, 55]
501	[9, 10, 11, 12, 136, 137, 138, 139, 140, 141, 142]
502	[4, 5, 6, 7, 8]
503	[22, 23, 24, 25, 26]
504	[102, 103, 104, 105, 106, 107]
505	[135, 136, 137, 138, 160, 161, 162, 163, 164]
506	[88, 89, 90, 91, 92, 93, 94, 95, 96]
507	[]
508	[0, 1, 2, 3, 4, 77, 78, 79, 80, 81, 82]
509	[0, 1, 2, 3, 4, 33, 34, 35, 36, 37, 38, 45, 46, 47, 48, 49, 99, 100, 101, 102, 103, 104]
510	[]
511	[16, 17, 18, 19, 20, 21, 22, 24, 25, 26, 27, 28, 29, 30]
512	[20, 21, 22, 23, 24, 25, 26, 27, 31, 32, 33, 34, 36, 38, 39, 40, 41, 43, 44, 45, 46, 47, 48, 49, 50, 51, 52, 53]
513	[64, 65, 66, 67, 68, 69, 86, 87, 88, 89, 90, 91, 92, 93, 94, 95, 96, 97, 115, 116, 117, 118, 119, 120, 121, 322, 323, 324, 325, 326, 327, 328, 329]
514	[]
515	[192, 193, 194]
516	[106, 107, 108, 109, 110, 111, 112, 201, 202, 203, 204, 205]
517	[16, 17, 18, 19, 20, 21, 26, 27, 28, 29, 30, 31, 157, 158, 159, 160, 161, 162]
518	[0, 1, 2, 3, 4, 28, 29, 30, 31, 32, 33, 37, 38, 39, 40]
519	[135, 136, 137, 138, 139, 140, 141]
520	[155, 156, 157, 169, 170, 171, 172]
521	[42, 43, 44, 45, 46, 47, 48, 49]
522	[303, 304, 305, 306, 307, 308, 309]
523	[69, 70, 71, 72, 73, 74, 75, 76]
524	[17, 18, 19, 20, 21]
525	[9, 10, 11, 12]
526	[]
527	[18, 19, 20, 21, 22]
528	[52, 53, 54, 55, 56, 57, 63, 64, 65, 66, 67, 68, 69, 70]
529	[68, 69, 70, 71, 72, 73, 74, 75, 76, 244, 245, 246, 247, 248, 249, 251, 252, 253, 254, 255, 256, 257, 258, 276, 277, 278, 279]
530	[11, 12, 13, 14, 15, 16, 18, 19, 20, 146, 147, 148, 149, 150, 151, 153, 154, 155, 159, 160, 161, 162, 163, 164, 165, 166, 167]
531	[44, 45, 46, 47, 48, 49, 50, 51, 53, 54, 55, 56, 57, 58, 59]
532	[6, 7, 8, 9, 10, 11, 12, 13, 384, 385, 386]
533	[235, 236, 237, 238, 239, 240, 241, 242, 244, 245, 246, 247]
534	[]
535	[7, 8, 9, 10, 11, 12]
536	[353, 354, 355, 356, 357, 358, 359, 372, 373, 374, 375, 376, 377, 378]
537	[84, 85, 86, 87, 88, 89, 90, 91, 92, 93, 94, 96, 97, 98, 100, 101, 102, 104, 105, 106, 107, 108, 109, 110, 112, 113, 114, 115, 116, 117]
538	[80, 81, 82, 83, 84, 85, 86, 108, 109, 110, 111, 112, 113, 114, 115, 116, 117, 118, 119, 120, 121, 122, 123, 124, 125, 126, 127, 128, 129, 130, 131, 132, 133, 134, 135, 136, 137, 138, 139, 140, 141, 142, 143, 144]
539	[987, 988, 989, 990, 991, 992, 993, 994, 995, 996]
540	[]
541	[121, 122, 123, 124, 125, 126, 127, 128]
542	[11, 12, 13, 14, 15, 16, 17, 18, 19, 20, 22, 23, 24]
543	[0, 1, 2, 3, 5, 6, 7, 13, 14, 15, 16, 17, 18, 19, 20, 22, 23, 24, 26, 27, 28, 29, 30, 31, 32, 33, 34, 35]
544	[27, 28, 29, 30, 31, 32, 528, 529, 530, 531, 532, 533]
545	[307, 308, 309, 310]
546	[0, 1, 2, 3, 111, 112, 113]
547	[14, 15, 16, 17, 18, 490, 491, 492, 493, 494, 495]
548	[16, 17, 18, 19, 20, 21, 22]
549	[]
550	[110, 111, 112, 113, 114, 115, 116]
551	[4, 5, 6, 7]
552	[162, 163, 174, 175, 176, 186, 187, 188, 634, 635, 636]
553	[5, 6, 7, 8, 9, 10, 11, 12, 14, 15, 16, 17, 18, 19]
554	[16, 17, 18, 19, 21, 22, 23, 36, 37, 38, 39]
555	[13, 14, 15, 16, 17, 18, 19, 20, 21]
556	[13, 14, 15, 16, 17, 18]
557	[297, 298, 299, 300, 301, 302, 303, 304, 305]
558	[274, 275, 276, 277, 278, 279, 280, 282, 283, 284, 285, 286, 287, 288, 289]
559	[85, 86, 87, 88, 89, 90, 98, 99, 100, 101, 102, 103]
560	[180, 181, 182, 183, 184]
561	[87, 88, 89, 90, 91, 92]
562	[20, 21, 22, 23, 24, 25, 26, 27, 28, 29, 30, 31, 35, 36, 37, 38, 39, 42, 43, 44, 45, 46, 47]
563	[11, 12, 13, 14, 15, 25, 26, 27, 28, 29, 30]
564	[149, 150, 151, 152, 153]
565	[0, 1, 2, 3]
566	[8, 9, 10, 11, 12, 13, 15, 16, 17]
567	[27, 28, 29, 30, 31, 32, 33, 82, 83, 84, 85, 86, 87, 88, 89]
568	[94, 95, 96, 97, 98, 99, 157, 158, 159, 160, 161, 162]
569	[12, 13, 14, 15, 16, 26, 27, 28, 29, 30, 31]
570	[39, 40, 41, 42, 125, 126, 127, 128]
571	[124, 125, 126, 127, 128, 129, 130, 131, 132, 133, 236, 237, 238, 239, 240, 241]
572	[11, 12, 13, 14, 15, 16]
573	[181, 182, 183, 184, 185, 186, 187, 188, 189, 190]
574	[11, 12, 13, 14, 15, 16, 17, 18, 55, 56, 57, 58, 59, 60, 61, 62, 63]
575	[55, 56, 57, 58, 59, 60, 61, 62, 63, 64]
576	[155, 156, 157, 158, 159, 160]
577	[15, 16, 17, 18, 19]
578	[107, 108, 109, 110, 111, 112, 113, 114, 138, 139, 140, 141, 147, 148, 149, 150, 151, 152]
579	[75, 76, 77, 78, 133, 134, 135, 136, 157, 158, 159, 160, 166, 167, 168, 169, 177, 178, 179, 180, 181, 182, 183, 184, 185]
580	[0, 1, 2, 3, 4, 5]
581	[11, 12, 13, 14, 15]
582	[82, 83, 84, 85, 86, 87]
583	[]
584	[71, 72, 73, 74, 75, 76, 77, 78, 79, 81, 82, 83, 84, 85, 86, 87, 88, 89, 90, 145, 146, 147, 148, 149, 150, 151, 152, 153]
585	[321, 322, 323, 324, 325, 340, 341, 342, 343, 344, 345, 346, 347]
586	[116, 117, 118, 119, 120, 121, 122, 123, 124, 125]
587	[24, 25, 26, 27, 28]
588	[11, 12, 13, 14, 15]
589	[28, 29, 30, 31, 32, 33]
590	[11, 12, 13, 14, 15, 16, 17, 18, 48, 49, 50, 51, 52]
591	[26, 27, 28, 29, 158, 159, 160, 161, 162, 163, 165, 166, 167, 168, 169]
592	[9, 10, 11, 12, 13, 14, 15, 16, 17]
593	[34, 35, 36, 37, 38, 39, 227, 228, 229, 230, 231, 232]
594	[68, 69, 70, 71, 72, 73, 74, 75, 76]
595	[116, 117, 118, 119, 120, 121, 122, 123]
596	[79, 80, 81, 82, 83, 84, 85]
597	[68, 69, 70, 71, 72, 114, 115, 116, 117, 118]
598	[10, 11, 12, 13, 14]
599	[85, 86, 87, 88]
600	[59, 60, 61, 62, 63, 64, 65, 66, 67, 68]
601	[35, 36, 37, 38, 39, 40]
602	[34, 35, 36, 37, 38, 39, 40, 105, 106, 107, 108, 109]
603	[8, 9, 10, 11, 12, 13]
604	[3, 4, 5, 6, 7]
605	[13, 14, 15, 16, 17, 18, 19, 334, 335, 336, 337, 338, 340, 341, 342, 450, 451, 452, 453, 454]
606	[226, 227, 228, 229, 230, 231, 237, 238, 239, 240, 241, 242, 243, 244, 245, 246, 248, 249, 250, 251, 252, 253]
607	[9, 10, 11, 12, 13, 14, 15, 16, 18, 19, 20, 21, 22, 23, 379, 380, 381, 382, 383, 384, 385]
608	[180, 181, 182]
609	[18, 19, 20, 21]
610	[22, 23, 24, 25, 26, 27, 28, 29, 30, 89, 90, 91, 92, 94, 95, 96, 97, 98]
611	[0, 1, 2, 3, 5, 6, 7, 8, 9, 10, 11, 12, 14, 15, 16, 17, 18, 19, 46, 47, 48, 49]
612	[23, 24, 25, 26, 27, 28, 29, 400, 401, 402, 403, 404]
613	[48, 49, 50, 51, 52, 53, 56, 57, 58, 59, 61, 62, 63, 64, 65, 66, 67, 68, 69, 70, 71, 78, 79, 80, 81, 82, 83, 84, 85]
614	[41, 42, 43, 44, 45, 46]
615	[132, 133, 134, 135, 136, 137, 138, 139]
616	[686]
617	[30, 31, 32, 33, 60, 61, 62, 63]
618	[9, 10, 11, 12, 13, 14]
619	[33, 34, 35, 36, 37, 58, 59, 60, 61, 62, 231, 232, 233, 234, 235, 236, 237, 238]
620	[151, 152, 153, 154, 173, 174, 175, 176, 177, 178, 179, 189, 191, 192, 193, 194, 195, 196, 197]
621	[8, 9, 10, 11, 12]
622	[22, 23, 24, 25]
623	[229, 230, 231]
624	[414, 415, 416, 417, 418, 419, 420, 451, 452, 453, 454]
625	[21, 22, 23, 24, 25, 26]
626	[36, 37, 38, 39, 40, 41]
627	[36, 37]
628	[62, 63, 64]
629	[29, 30, 31, 32, 33, 34, 35, 36, 37]
630	[54, 55, 56, 57, 58, 59, 60, 61, 62]
631	[92, 93, 94]
632	[120, 121, 122, 123, 124, 125]
633	[86, 87, 88, 89, 228, 229, 230, 231, 232, 233, 234, 235]
634	[15, 16, 17, 18, 19, 20, 21]
635	[0, 1, 2, 3, 4, 5, 6, 12, 13, 14, 15, 20, 21, 22, 23, 24, 36, 37, 38]
636	[98, 99, 100, 101, 102]
637	[150, 151, 152, 153, 154, 155, 156, 157]
638	[9, 10, 11, 12, 13, 14, 15, 16, 137, 138, 139, 140, 141, 142, 143, 144]
639	[40, 41, 42, 43, 44, 45]
640	[188, 189, 190, 191, 192, 193, 194]
641	[170, 171, 172, 173, 174, 175]
642	[46, 47, 48, 49]
643	[]
644	[11, 12, 13, 14, 15, 16]
645	[87, 88, 89, 90, 91]
646	[21, 22, 23, 24, 25, 26, 27, 28]
647	[15, 16, 17, 18, 19]
648	[6, 7, 8, 9, 10, 11]
649	[0, 1, 2, 3, 4]
650	[148, 149, 150, 151, 152, 153, 154]
651	[7, 8, 9, 10, 11, 12, 315, 316, 317, 318, 319, 320, 321, 322]
652	[10, 11, 12, 13, 14]
653	[11, 12, 13, 14, 15, 16, 19, 20, 21, 22, 23, 24]
654	[19, 20, 21, 22]
655	[31, 32, 33, 34, 65, 66, 67, 68]
656	[0, 1, 2, 3, 4, 5, 6, 7, 8, 9]
657	[97, 98, 99, 100]
658	[]
659	[32, 33, 34, 35, 36, 37, 38, 39, 40]
660	[11, 12, 13, 14, 15, 16, 17, 561, 562, 563, 564, 565, 566]
661	[181, 182, 183, 184, 185, 186]
662	[]
663	[9, 10, 11, 12, 13, 14]
664	[54, 55, 56, 57]
665	[29, 30, 31, 32, 33, 67, 68, 69, 71, 72, 73, 74, 75, 76, 77, 78, 79]
666	[]
667	[13, 14, 15, 16]
668	[17, 18, 19, 20, 21, 23, 24, 25, 26, 27, 28, 29, 30, 31, 32, 33, 34]
669	[32, 33, 34, 35, 36, 37]
670	[41, 42, 43, 44, 45, 46, 47, 59, 60, 61, 62, 63, 64, 65, 66, 67]
671	[132, 133, 134, 135, 136, 137, 139, 140, 141, 142, 143, 149, 150, 151, 152, 160, 161, 162, 163]
672	[146, 147, 148, 149, 150, 151]
673	[80, 81, 82, 83, 84]
674	[382, 383, 384, 385, 386, 653, 654, 655, 656, 657, 658]
675	[0, 1, 2, 3, 4]
676	[132, 133, 134, 135, 136, 137, 138, 139, 140]
677	[44, 45, 46, 47, 48, 49, 50, 51, 52, 53]
678	[]
679	[203, 204, 205, 206]
680	[294, 295, 296, 297, 298, 299, 300, 301, 303, 304, 305, 306, 307, 308, 309, 310]
681	[15, 16, 17, 18, 19, 20]
682	[0, 1, 2, 3]
683	[7, 8, 9, 10, 11, 12]
684	[17, 18, 19, 20, 21]
685	[129, 130, 131, 132, 133, 134]
686	[126, 127, 128, 129, 130, 131]
687	[24, 25, 26, 27, 28, 29]
688	[]
689	[136, 137, 138, 139, 140, 141]
